**ABCDEFGHIJKLMNOPQRSTUVWXYZabcdefghijklmnopqrstuvwxyz**************************
**PARASOLID !"#$%&'()*+,-./:;<=>?@[\]^_`{|}~0123456789**************************
**PART1;
MC=AMD64;
MC_MODEL=Intel64 Family 6 Model 151 Stepping 2, GenuineIntel;
MC_ID=unknown;
OS=Windows_NT;
OS_RELEASE=unknown;
FRU=Parasolid Version 33.1, build 260,  4-25-2022;
APPL=SOLIDWORKS 2022-2022290;
SITE=;
USER=unknown;
FORMAT=text;
GUISE=transmit;
KEY=FILECHF112-07-102.x_t;
DATE=Tue May 21 15:46:53 2024;
**PART2;
SCH=SCH_3301260_33103;
USFLD_SIZE=0;
**PART3;
**END_OF_HEADER*****************************************************************
T51 : TRANSMIT FILE created by modeller version 330126023 SCH_3301260_33103_1300
6230 0 12 35 CCCI7 lattice222 0 CCCI4 mesh1006 0 I8 polyline1008 0 CCCCCCCDI5 ow
ner1040 0 CCCCCCI13 boundary_mesh1006 0 I17 boundary_polyline1008 0 CCCA16 index
_map_offset0 0 1 dA9 index_map82 0 A17 node_id_index_map82 0 A20 schema_embeddin
g_map82 0 A5 child12 0 A14 lowest_node_id0 0 1 dA16 mesh_offset_data206 0 Z1 393
 2 3 0 0 0 0 0 0 0 1e3 1e-8 0 4 0 1 0 1 1 5 6 7 8 0 0 9 10 11 0 0 0 0 0 0 0 81 2
55 2 2 383 12 1 13 0 0 0 0 14 70 11 CI9 list_type0 0 1 uI10 notransmit0 0 1 lCCC
DCCDI12 finger_index0 0 1 dI12 finger_block1012 0 CZ3 0 4 T1 0 0 10 20 1 15 15 1
3 255 5 141 0 1 0 16 0 0 17 0 50 255 6 333 18 19 20 0 0 -.0368 .122 -.002 -.7071
06781186544 0 -.707106781186552 0 -1 0 30 255 7 311 0 10 21 0 0 -.0174 .122 .017
4 -.707106781186552 0 .707106781186544 29 255 8 302 0 11 22 0 .0348 .122 0 19 8
 CCCCCCCA5 owner12 0 Z9 47 0 1 17 0 23 V0 16 255 10 309 0 ?24 0 25 7 0 0 1 18 25
5 11 300 0 26 0 27 8 ?1 17 255 26 0 28 29 30 11 31 25 0 32 +18 27 291 0 33 11 34
 22 ?1 17 33 0 35 36 37 27 38 39 0 30 +18 34 282 0 24 27 40 41 ?1 29 22 293 0 27
 41 8 .0348 0 0 29 41 284 0 34 42 22 .0368 .122 -.002 29 42 281 0 40 43 41 .0368
 0 -.002 18 40 279 0 38 34 44 42 ?1 29 43 226 0 44 45 42 .0298 .122 -.0073 18 44
 224 0 46 40 47 43 ?1 29 45 223 0 47 48 43 .0298 0 -.0073 18 47 221 0 49 44 50 4
5 ?1 29 48 214 0 50 51 45 .0295 .122 -.007 18 50 212 0 52 47 53 48 ?1 29 51 211
 0 53 54 48 .0295 0 -.007 18 53 209 0 55 50 56 51 ?1 29 54 105 0 57 58 51 560456
005727436e-33 0 -.007 18 57 92 0 59 60 61 54 ?1 29 58 107 0 61 62 54 .0298 0 -.0
4 18 61 94 0 63 57 64 58 ?1 29 62 108 0 64 65 58 .0368 0 -.04 18 64 95 0 66 61 6
7 62 ?1 29 65 110 0 67 68 62 0 0 0 18 67 97 0 36 64 0 65 ?1 29 68 46 0 56 69 65
 560456005727436e-33 .122 -.007 18 56 44 0 70 53 71 68 ?1 29 69 40 0 71 72 68 .0
298 .122 -.04 18 71 38 0 73 56 74 69 ?1 29 72 37 0 74 75 69 .0368 .122 -.04 18 7
4 35 0 76 71 60 72 ?1 29 75 31 0 60 0 72 0 .122 0 18 60 29 0 29 74 57 75 ?1 17 2
9 0 28 77 26 60 32 78 0 79 -15 255 28 125 0 30 80 0 17 77 0 28 30 29 67 81 82 0
 83 +17 32 0 84 24 79 11 29 78 0 85 +16 78 9 0 ?32 86 87 88 0 0 1 17 79 0 84 32
 70 60 89 87 0 81 +15 84 4 0 32 90 0 17 70 0 84 79 52 56 91 92 0 93 +17 89 0 94
 95 81 56 79 87 0 0 -16 87 5 0 ?79 78 96 97 0 0 1 17 81 0 94 89 83 60 77 82 0 0
 -15 94 127 0 83 16 0 17 83 0 94 81 95 67 98 99 0 0 +16 82 116 0 ?77 100 101 102
 0 0 1 16 100 215 0 ?103 104 82 105 0 0 1 16 101 114 0 ?106 82 107 108 0 0 1 30
 102 140 0 82 108 105 0 +0 .122 0 0 -1 0 30 108 138 0 101 109 102 0 +.0368 .122
 -.04 0 -1 0 30 105 217 0 100 102 110 0 +.0295 0 -.007 0 -1 0 30 110 229 0 104 1
05 111 0 -.0298 .122 -.0073 0 -1 0 16 104 227 0 ?46 112 100 110 0 0 1 31 255 111
 243 0 112 110 113 0 +.0295 0 -.0073 0 1 0 0 0 1 3e-4 16 112 233 0 ?49 114 104 1
11 0 0 1 31 113 244 0 114 111 115 0 -.0295 .122 -.0073 0 1 0 0 0 1 3e-4 16 114 2
38 0 ?52 116 112 113 0 0 1 30 115 287 0 116 113 117 0 +.0368 .122 -.002 0 -1 0 1
6 116 285 0 ?118 39 114 115 0 0 1 30 117 296 0 39 115 21 0 -.0368 0 -.002 .70710
6781186552 0 -.707106781186544 16 39 294 0 ?33 25 116 117 0 0 1 30 21 305 0 25 1
17 7 0 +.0348 .122 0 0 1 0 16 25 303 0 ?26 10 39 21 0 0 1 17 118 0 119 66 120 40
 121 116 0 37 +15 119 123 0 120 122 0 17 66 0 119 123 118 64 37 124 0 106 +17 12
0 0 119 118 123 34 76 86 0 121 -17 121 0 125 85 38 34 118 116 0 0 -17 37 0 35 33
 126 40 66 124 0 0 -15 35 67 0 37 127 0 17 126 0 35 37 128 64 63 129 0 0 -16 124
 280 0 ?66 129 130 131 0 0 1 16 129 76 0 ?63 132 124 133 0 0 1 16 130 84 0 ?30 1
24 99 134 0 0 1 30 131 102 0 124 134 133 0 +.0368 0 0 0 0 -1 30 134 103 0 130 13
5 131 0 +0 0 0 1 0 0 30 133 101 0 129 131 136 0 +.0368 0 -.04 -1 0 0 30 136 100
 0 132 133 137 0 +.0298 0 -.04 1051347561198064e-31 0 1 16 132 72 0 ?138 96 129
 136 0 0 1 30 137 99 0 96 136 139 0 +.0298 0 -.007 -1 0 1164243943608594e-31 16
 96 210 0 ?59 87 132 137 0 0 1 30 139 135 0 140 137 109 0 +560456005727436e-33 .
122 -.007 0 -1 0 16 140 111 0 ?95 107 92 139 0 0 1 30 109 137 0 107 139 108 0 +.
0298 .122 -.04 0 -1 0 16 107 113 0 ?141 101 140 109 0 0 1 17 141 0 142 138 143 6
1 144 107 0 128 +15 142 119 0 138 145 0 17 138 0 142 46 141 47 128 132 0 146 +17
 143 0 142 141 46 71 147 148 0 0 -17 144 0 149 150 63 71 141 107 0 143 -17 128 0
 35 126 49 61 138 132 0 0 -17 49 0 35 128 151 47 55 112 0 138 +17 151 0 35 49 98
 53 59 96 0 0 -17 55 0 152 153 146 53 49 112 0 103 -15 152 252 0 154 155 0 17 15
3 0 152 154 55 50 103 100 0 0 -17 146 0 152 55 154 47 46 104 0 0 -17 103 0 156 5
9 91 53 153 100 0 151 +15 156 117 0 91 157 0 17 59 0 156 93 103 57 151 96 0 95 +
17 91 0 156 103 93 50 70 92 0 153 -17 93 0 156 91 59 56 95 140 0 89 -16 92 213 0
 ?70 140 148 158 0 0 1 16 148 21 0 ?147 92 159 160 0 0 1 30 158 27 0 92 160 135
 0 +.0298 .122 -.007 -1 0 1164243943608594e-31 30 160 23 0 148 161 158 0 +.0298
 .122 -.04 1051347561198064e-31 0 1 30 135 104 0 99 158 134 0 +560456005727436e-
33 0 -.007 -800651436753479e-31 0 1 16 99 88 0 ?83 130 0 135 0 0 1 30 161 19 0 1
59 162 160 0 +.0368 .122 -.04 -1 0 0 16 159 17 0 ?73 148 86 161 0 0 1 30 162 15
 0 86 88 161 0 +.0368 .122 0 0 0 -1 16 86 283 0 ?76 159 78 162 0 0 1 30 88 11 0
 78 97 162 0 +0 .122 0 1 0 0 30 97 7 0 87 0 88 0 +560456005727436e-33 .122 -.007
 -800651436753479e-31 0 1 17 76 0 84 73 24 74 120 86 0 123 +17 73 0 84 147 76 71
 150 159 0 144 +17 24 0 84 76 32 34 85 10 0 120 +17 123 0 119 120 66 74 106 101
 0 150 -17 106 0 149 63 150 64 123 101 0 126 +17 150 0 149 106 144 74 73 159 0 0
 -15 149 121 0 63 163 0 17 63 0 149 144 106 61 126 129 0 141 +14 255 163 122 164
 ?145 122 149 5 165 -0 0 145 122 23 81 1 164 384 166 163 167 0 0 168 169 14 145
 120 168 ?157 163 142 5 170 -0 0 157 163 23 14 122 124 171 ?163 80 119 5 172 -0
 0 163 80 23 50 165 131 0 163 170 172 0 +.0368 .122 -.04 0 0 1 1 0 0 13 23 48 0
 0 0 0 0 0 9 16 14 16 128 173 ?80 0 94 5 174 -0 0 80 0 23 81 1 173 387 166 16 17
5 0 171 176 177 14 80 126 176 ?122 16 28 5 178 -0 0 122 16 23 50 174 134 0 16 17
8 20 0 +560456005727436e-33 .122 -.007 1 0 800651436753479e-31 80065143675348e-3
0 0 -1 50 178 133 0 80 172 174 0 +0 .122 0 0 0 -1 -1 0 0 51 255 20 263 0 155 174
 6 0 +.0295 .122 -.0073 0 1 0 3e-4 0 0 1 14 155 251 179 ?19 127 152 5 20 -0 0 19
 127 23 81 1 179 389 166 155 180 0 176 181 182 14 19 321 181 ?0 155 125 5 6 +0 0
 0 155 23 14 127 66 183 ?155 90 35 5 184 -0 0 155 90 23 81 1 183 391 166 127 185
 0 181 186 187 14 90 1 186 ?127 157 84 5 188 +0 0 127 157 23 50 184 98 0 127 188
 189 0 +0 0 0 0 1 0 0 0 1 50 188 3 0 90 0 184 0 +0 .122 0 0 1 0 0 0 1 50 189 129
 0 157 184 170 0 +.0298 .122 -.007 1164243943608594e-31 0 1 1 0 -116424394360859
6e-31 14 157 118 190 ?90 145 156 5 189 -0 0 90 145 23 50 170 130 0 145 189 165 0
 +.0298 .122 -.04 1 0 -1051347561198064e-31 -1051347561198064e-31 0 -1 81 1 190
 393 166 157 191 0 186 0 192 80 255 1 166 193 194 9000 1 1 1 1 1 1 1 1 0 FFFFTFT
FFFFFFF1 81 1 191 204 195 157 0 190 196 197 198 81 1 186 392 166 90 197 0 183 19
0 199 82 255 1 192 1575026848 81 1 197 205 195 90 0 186 191 185 200 82 1 199 156
5720738 80 1 195 0 201 8001 0 0 0 0 3 5 0 0 0 FFFFTFTFFFFFFF2 81 1 185 206 195 1
27 0 183 197 180 202 83 255 3 200 1 1 1 81 1 180 348 195 155 0 179 185 203 204 8
3 3 202 1 1 1 81 1 203 349 195 19 0 181 180 0 205 83 3 204 1 1 1 81 1 181 390 16
6 19 203 0 179 183 206 83 3 205 1 1 1 82 1 206 1797718178 79 255 15 201 SDL/TYSA
_COLOUR81 1 196 203 195 145 0 168 167 191 207 83 3 198 1 1 1 81 1 168 385 166 14
5 196 0 164 171 208 81 1 167 202 195 163 0 164 209 196 210 83 3 207 1 1 1 81 1 2
09 201 195 122 0 171 211 167 212 83 3 210 1 1 1 81 1 171 386 166 122 209 0 168 1
73 213 81 1 211 200 195 80 0 176 175 209 214 83 3 212 1 1 1 81 1 176 388 166 80
 211 0 173 179 215 81 1 175 199 195 16 0 173 0 211 216 83 3 214 1 1 1 83 3 216 1
 1 1 82 1 215 1576075426 82 1 213 1575813282 82 1 208 1575288992 79 14 194 SWEnt
Unchanged82 1 187 1573716130 15 125 322 0 85 19 0 17 85 0 125 31 121 11 24 10 0
 0 -17 31 0 125 38 85 27 26 25 0 0 -17 38 0 125 121 31 40 33 39 0 118 -82 1 182
 1738801312 50 172 132 0 122 165 178 0 +.0368 .122 0 -1 0 0 0 0 1 82 1 177 15763
37565 82 1 169 1575551133 17 147 0 84 52 73 44 143 148 0 154 +17 52 0 84 70 147
 50 154 114 0 91 +17 154 0 152 146 153 44 52 114 0 0 -17 95 0 94 83 89 57 93 140
 0 98 +17 98 0 35 151 36 57 83 99 0 0 -17 36 0 35 98 33 67 30 130 0 77 -17 30 0
 28 26 77 27 36 130 0 31 +17 46 0 142 143 138 44 146 104 0 147 +19 17 142 0 1 0
 9 5 S0 81 2 18 334 217 6 0 0 0 0 218 219 80 2 217 220 221 8044 0 0 0 0 3 5 0 0
 0 FFFFTFFFTTFFFF3 2 84 255 6 218 BAAAAB83 3 219 0 .002828427124746185 .002 79 1
7 221 SDL/TYSA_BLEND_ID74 4 CI16 index_map_offset0 0 1 dCCZ20 15 10 0 0 222 223
 190 224 225 203 18 226 13 2 0 0 0 0 0 0 0 0 0 0 81 2 222 174 227 1 0 223 0 0 0
 228 81 2 223 178 229 1 222 224 0 0 0 230 81 2 224 189 231 1 223 225 0 0 232 0 8
1 2 225 198 233 1 224 226 0 0 0 234 81 1 226 347 235 1 225 13 0 0 236 81 2 13 35
0 237 1 226 2 0 0 0 0 80 2 237 238 239 9000 0 0 0 0 3 5 0 0 0 FFTFFFFFFFFFFF9 1
 79 16 239 BODY_RECIPE_200180 1 235 240 241 9000 1 1 1 1 1 1 1 1 0 FFTFFFFFFFFFF
F1 82 1 236 2317649 79 10 241 BODY_MATCH80 2 233 242 243 9000 0 0 0 0 3 5 0 0 0
 FFTFFFFFFFFFFF9 1 82 1 234 1 79 24 243 BODY_IN_LIGHTWEIGHT_PERM80 2 231 244 245
 8004 0 0 0 0 3 5 0 0 0 FFTFFFFFFFFFFF2 3 83 1 232 1 79 16 245 SDL/TYSA_DENSITY8
0 2 229 246 247 9000 0 0 0 0 3 5 0 0 0 FFTFFFFFFFFFFF9 1 82 1 230 119 79 30 247
 LAST_BODY_MODIFYING_FEATURE_ID80 2 227 248 249 9000 0 0 0 0 3 5 0 0 0 FFTFFFFFF
FFFFT9 1 82 1 228 118 79 19 249 ENT_TIME_STAMP_200180 2 12 250 251 9000 0 0 0 0
 3 5 0 0 0 FFTFFFFFFFFFFF9 1 82 1 14 105 79 12 251 ATOM_ID_20011 0 
